1 0.5060386473429952 0.5866666666666667 0.06360708534621579 0.176
1 0.1960547504025765 0.5653333333333334 0.09420289855072464 0.14933333333333332
0 0.7677133655394525 0.5853333333333333 0.10547504025764895 0.248
1 0.5817230273752013 0.5226666666666666 0.06521739130434782 0.208
2 0.36996779388083734 0.568 0.020128824476650563 0.24
1 0.28784219001610306 0.5213333333333333 0.05233494363929146 0.10933333333333332
1 0.3719806763285024 0.5479999999999999 0.0853462157809984 0.13599999999999998
1 0.3973429951690821 0.5386666666666666 0.07809983896940419 0.096
1 0.4190821256038647 0.5226666666666666 0.0571658615136876 0.08
1 0.4396135265700483 0.5066666666666666 0.04186795491143317 0.05333333333333333
1 0.4834943639291465 0.5333333333333333 0.03462157809983897 0.10666666666666666
1 0.2886473429951691 0.512 0.04750402576489533 0.06933333333333333
