0 0.7406045751633987 0.6108108108108108 0.04166666666666667 0.24324324324324326
0 0.3145424836601307 0.7310810810810812 0.20261437908496732 0.5324324324324324
0 0.5927287581699346 0.6027027027027028 0.035130718954248366 0.21081081081081082
2 0.2638888888888889 0.5391891891891892 0.013071895424836602 0.13243243243243244
2 0.2798202614379085 0.5418918918918919 0.01388888888888889 0.11621621621621622
0 0.5592320261437909 0.5445945945945946 0.028594771241830068 0.10540540540540541
2 0.3872549019607843 0.5391891891891892 0.013071895424836602 0.12162162162162163
2 0.3803104575163399 0.5405405405405406 0.015522875816993464 0.10270270270270271
2 0.576388888888889 0.5378378378378379 0.010620915032679739 0.10810810810810811
2 0.5976307189542484 0.5594594594594595 0.018790849673202614 0.10810810810810811
