2 0.6583198707592892 0.6991978609625668 0.051696284329563816 0.5427807486631016
2 0.7451534733441034 0.6831550802139037 0.07996768982229403 0.5748663101604278
2 0.19628432956381262 0.6871657754010695 0.05815831987075929 0.5026737967914439
2 0.46122778675282716 0.5655080213903743 0.030694668820678516 0.2647058823529412
2 0.5977382875605817 0.5320855614973262 0.024232633279483037 0.20855614973262032
2 0.8331987075928918 0.5681818181818181 0.04765751211631664 0.32352941176470584
2 0.954361873990307 0.5414438502673796 0.05250403877221325 0.33957219251336895
2 0.789983844911147 0.5334224598930482 0.030694668820678516 0.2647058823529412
2 0.422859450726979 0.53475935828877 0.016962843295638127 0.1497326203208556
2 0.40751211631663975 0.5280748663101604 0.016962843295638127 0.15240641711229946
1 0.46122778675282716 0.47860962566844917 0.0210016155088853 0.06951871657754011
1 0.39781906300484654 0.5066844919786095 0.05735056542810986 0.16310160427807485
1 0.42164781906300486 0.49732620320855614 0.038772213247172865 0.1229946524064171
