1 0.9468954248366014 0.568918918918919 0.10457516339869281 0.13783783783783785
1 0.8941993464052288 0.5608108108108109 0.10212418300653595 0.13243243243243244
1 0.8251633986928105 0.5608108108108109 0.09477124183006536 0.14324324324324325
1 0.505718954248366 0.5054054054054055 0.02777777777777778 0.08108108108108109
2 0.8296568627450981 0.6445945945945947 0.0661764705882353 0.472972972972973
2 0.8496732026143791 0.6513513513513514 0.06862745098039216 0.41081081081081083
2 0.5253267973856209 0.591891891891892 0.04575163398692811 0.34054054054054056
2 0.2312091503267974 0.5135135135135136 0.029411764705882353 0.1891891891891892
2 0.2687908496732026 0.5148648648648649 0.016339869281045753 0.1864864864864865
2 0.2798202614379085 0.5243243243243243 0.03349673202614379 0.1945945945945946
2 0.2806372549019608 0.5459459459459459 0.028594771241830068 0.24324324324324326
2 0.32802287581699346 0.5459459459459459 0.035130718954248366 0.21621621621621623
2 0.19035947712418302 0.5270270270270271 0.026143790849673203 0.22162162162162163
2 0.22549019607843138 0.5297297297297298 0.024509803921568627 0.21621621621621623
2 0.252859477124183 0.5378378378378379 0.022058823529411766 0.1945945945945946
2 0.24673202614379086 0.5270270270270271 0.021241830065359478 0.1945945945945946
