1 0.4770346494762288 0.5093085106382979 0.0306204673650282 0.09308510638297872
1 0.0427074939564867 0.6502659574468085 0.0854149879129734 0.3484042553191489
1 0.21716357775987105 0.6715425531914894 0.19580983078162773 0.3324468085106383
1 0.20789685737308622 0.5811170212765957 0.11764705882352941 0.1728723404255319
1 0.35334407735697015 0.5651595744680851 0.0717163577759871 0.14627659574468085
1 0.298146655922643 0.5345744680851063 0.0580177276390008 0.10638297872340426
1 0.37550362610797744 0.5292553191489362 0.0499597099113618 0.11170212765957446
1 0.41941982272361 0.4827127659574468 0.0362610797743755 0.11968085106382978
1 0.443593875906527 0.47606382978723405 0.0169218372280419 0.06382978723404255
1 0.10918614020950845 0.5678191489361702 0.1281224818694601 0.18351063829787234
