1 0.6027397260273972 0.5970744680851063 0.08380338436744561 0.19414893617021275
1 0.12288477034649475 0.7659574468085106 0.2457695406929895 0.4627659574468085
1 0.34649476228847703 0.5957446808510638 0.09669621273166801 0.22340425531914893
1 0.5362610797743755 0.5212765957446809 0.0346494762288477 0.0851063829787234
1 0.18855761482675262 0.5984042553191489 0.128928283642224 0.2074468085106383
1 0.3924254633360193 0.5545212765957447 0.0580177276390008 0.1356382978723404
1 0.3037872683319903 0.5558510638297872 0.0612409347300564 0.11702127659574468
1 0.346897663174859 0.5319148936170213 0.0410958904109589 0.0851063829787234
1 0.370668815471394 0.5079787234042553 0.0290088638195004 0.0851063829787234
1 0.43190975020145045 0.5132978723404256 0.024174053182917002 0.05851063829787234
1 0.3924254633360193 0.5013297872340425 0.0290088638195004 0.07180851063829786
1 0.483883964544722 0.5093085106382979 0.020145044319097503 0.061170212765957445
1 0.5060435132957293 0.5013297872340425 0.0128928283642224 0.0398936170212766
