2 0.6239903069466882 0.6417112299465241 0.0444264943457189 0.3850267379679144
2 0.32269789983844915 0.6122994652406417 0.034733441033925685 0.32085561497326204
2 0.2564620355411955 0.6136363636363636 0.02988691437802908 0.3074866310160428
2 0.7661550888529888 0.6016042780748663 0.036348949919224556 0.3315508021390374
2 0.7225363489499192 0.5949197860962566 0.04281098546042004 0.32352941176470584
2 0.5367528271405493 0.5467914438502673 0.021809369951534735 0.20053475935828877
2 0.6284329563812602 0.6377005347593583 0.04684975767366721 0.33957219251336895
2 0.5920840064620356 0.6189839572192513 0.029079159935379646 0.2914438502673797
2 0.5751211631663975 0.6016042780748663 0.029079159935379646 0.2620320855614973
2 0.6385298869143781 0.5721925133689839 0.04281098546042004 0.2566844919786096
2 0.651453957996769 0.5454545454545454 0.023424878836833606 0.20855614973262032
1 0.4624394184168013 0.5267379679144385 0.0395799676898223 0.1016042780748663
