1 0.14460784313725492 0.7594594594594595 0.28921568627450983 0.4756756756756757
2 0.6343954248366013 0.5662162162162162 0.05473856209150327 0.3324324324324325
0 0.9779411764705883 0.4364864864864865 0.042483660130718956 0.13783783783783785
2 0.37663398692810457 0.595945945945946 0.07026143790849673 0.34864864864864864
2 0.37745098039215685 0.595945945945946 0.05392156862745098 0.39729729729729735
0 0.8035130718954249 0.48378378378378384 0.02696078431372549 0.17297297297297298
2 0.09109477124183007 0.6000000000000001 0.018790849673202614 0.25405405405405407
2 0.08006535947712419 0.6121621621621622 0.029411764705882353 0.24594594594594596
0 0.39419934640522875 0.5878378378378378 0.09395424836601307 0.30000000000000004
2 0.015522875816993464 0.6067567567567568 0.03104575163398693 0.3162162162162162
1 0.9893790849673203 0.46756756756756757 0.0196078431372549 0.11891891891891893
1 0.38276143790849676 0.4864864864864865 0.02696078431372549 0.06486486486486487
