1 0.41821112006446415 0.5079787234042553 0.0177276390008058 0.047872340425531915
1 0.467365028203062 0.5598404255319149 0.06285253827558421 0.1728723404255319
1 0.0370668815471394 0.7539893617021276 0.0741337630942788 0.41223404255319146
1 0.038678485092667206 0.5797872340425532 0.07735697018533441 0.28723404255319146
1 0.15028203062046736 0.648936170212766 0.1619661563255439 0.2712765957446808
1 0.3819500402900886 0.5465425531914894 0.045124899274778404 0.1356382978723404
1 0.24294923448831587 0.5678191489361702 0.08299758259468171 0.15159574468085105
1 0.1619661563255439 0.5638297872340425 0.0950846091861402 0.13829787234042554
1 0.3021756647864625 0.5332446808510638 0.041901692183722805 0.09308510638297872
1 0.21353746978243351 0.5186170212765957 0.064464141821112 0.13297872340425532
1 0.32151490733279614 0.5226063829787234 0.032232070910556 0.07180851063829786
1 0.34367445608380337 0.4906914893617021 0.023368251410153102 0.09308510638297872
