2 0.7079967689822294 0.696524064171123 0.07350565428109855 0.5802139037433155
2 0.16397415185783523 0.7005347593582887 0.08077544426494346 0.5935828877005347
2 0.04684975767366721 0.7058823529411764 0.09369951534733442 0.5828877005347594
2 0.9890953150242326 0.6577540106951871 0.020193861066235864 0.6791443850267379
2 0.5052504038772213 0.516042780748663 0.034733441033925685 0.23529411764705882
2 0.6684168012924071 0.6550802139037433 0.034733441033925685 0.45454545454545453
2 0.6134894991922456 0.6149732620320856 0.0444264943457189 0.3796791443850267
2 0.5924878836833603 0.5842245989304813 0.03311793214862682 0.32352941176470584
2 0.6627625201938611 0.5561497326203209 0.05735056542810986 0.3101604278074866
2 0.6252019386106624 0.5922459893048128 0.024232633279483037 0.3181818181818182
2 0.6583198707592892 0.5147058823529411 0.0420032310177706 0.24866310160427807
1 0.45678513731825526 0.4879679144385026 0.04604200323101777 0.12032085561497326
