1 0.48267526188557613 0.5199468085106382 0.0306204673650282 0.09308510638297872
1 0.1442385173247381 0.7566489361702128 0.2884770346494762 0.48138297872340424
1 0.0862207896857373 0.675531914893617 0.1724415793714746 0.3404255319148936
1 0.28243352135374694 0.5691489361702128 0.0813859790491539 0.14361702127659573
1 0.37993553585817885 0.586436170212766 0.07977437550362611 0.1728723404255319
1 0.34045124899274776 0.5359042553191489 0.0507655116841257 0.09840425531914894
1 0.4069298952457695 0.5332446808510638 0.040290088638195005 0.08776595744680851
1 0.43473005640612405 0.4827127659574468 0.0298146655922643 0.11436170212765957
1 0.032232070910556 0.6183510638297872 0.064464141821112 0.23138297872340424
1 0.11361804995970991 0.5851063829787234 0.13376309427880742 0.17553191489361702
1 0.24899274778404512 0.5412234042553191 0.0612409347300564 0.09308510638297872
