2 0.9624394184168014 0.6216577540106951 0.07350565428109855 0.7513368983957219
2 0.9349757673667206 0.6122994652406417 0.1284329563812601 0.7700534759358288
2 0.23667205169628436 0.7954545454545454 0.11470113085621972 0.4037433155080214
2 0.40306946688206785 0.6002673796791443 0.037156704361873995 0.35561497326203206
2 0.37156704361873993 0.6149732620320856 0.0420032310177706 0.3529411764705882
2 0.5080775444264943 0.5254010695187166 0.024232633279483037 0.21122994652406415
2 0.5105008077544427 0.4959893048128342 0.024232633279483037 0.15240641711229946
2 0.5484652665589661 0.5254010695187166 0.01615508885298869 0.20588235294117646
2 0.5945072697899839 0.49331550802139035 0.01615508885298869 0.17379679144385027
1 0.4644588045234249 0.47860962566844917 0.02746365105008078 0.06951871657754011
2 0.35056542810985464 0.5401069518716577 0.02261712439418417 0.20855614973262032
2 0.5722940226171245 0.5133689839572192 0.018578352180936997 0.1764705882352941
