1 0.46897663174858983 0.5398936170212766 0.043513295729250605 0.13297872340425532
1 0.12530217566478646 0.7367021276595744 0.2506043513295729 0.5212765957446809
1 0.21514907332796132 0.5771276595744681 0.1192586623690572 0.2127659574468085
1 0.3843674456083803 0.5664893617021276 0.0757453666398066 0.18617021276595744
1 0.32070910556003224 0.5372340425531915 0.0531829170024174 0.10638297872340426
1 0.1861402095084609 0.5531914893617021 0.0854149879129734 0.1276595744680851
1 0.41337630942788073 0.5279255319148936 0.038678485092667206 0.09308510638297872
1 0.43271555197421435 0.5132978723404256 0.0257856567284448 0.06382978723404255
1 0.44399677679290894 0.4800531914893617 0.0177276390008058 0.07180851063829786
1 0.2892828364222401 0.5226063829787234 0.045124899274778404 0.08244680851063829
1 0.03182917002417405 0.6090425531914894 0.0636583400483481 0.2074468085106383
