1 0.4693795326349718 0.5425531914893617 0.0443190975020145 0.13297872340425532
1 0.14786462530217565 0.7367021276595744 0.2957292506043513 0.5212765957446809
1 0.23489121676067687 0.5691489361702128 0.10717163577759871 0.19680851063829788
1 0.39000805801772764 0.5625 0.0709105560032232 0.17819148936170212
1 0.32917002417405317 0.5332446808510638 0.0491539081385979 0.09840425531914894
1 0.20145044319097502 0.5492021276595744 0.0789685737308622 0.11968085106382978
1 0.41579371474617244 0.5279255319148936 0.0370668815471394 0.09308510638297872
1 0.43392425463336015 0.5119680851063829 0.0249798549556809 0.061170212765957445
1 0.4443996776792909 0.4800531914893617 0.0169218372280419 0.07180851063829786
1 0.29774375503626105 0.5212765957446809 0.0427074939564867 0.0797872340425532
1 0.047139403706688156 0.6077127659574468 0.09427880741337631 0.2101063829787234
