1 0.6384863123993558 0.5773333333333334 0.09339774557165861 0.19999999999999998
1 0.5511272141706924 0.48933333333333334 0.05394524959742351 0.06133333333333333
2 0.40942028985507245 0.508 0.008856682769726247 0.10933333333333332
0 0.6871980676328502 0.52 0.04750402576489533 0.12266666666666666
1 0.6936392914653784 0.476 0.05394524959742351 0.06666666666666667
1 0.8240740740740741 0.4746666666666666 0.071658615136876 0.064
1 0.96658615136876 0.45999999999999996 0.06521739130434782 0.08266666666666667
1 0.3188405797101449 0.5093333333333333 0.0499194847020934 0.064
1 0.48752012882447665 0.48533333333333334 0.016908212560386472 0.03733333333333333
1 0.4605475040257649 0.48666666666666664 0.01932367149758454 0.04
