1 0.4935535858178888 0.5611702127659575 0.0684931506849315 0.2074468085106383
1 0.0596293311845286 0.6728723404255319 0.1192586623690572 0.31382978723404253
1 0.13819500402900886 0.7433510638297872 0.2763900080580177 0.5079787234042553
1 0.34891216760676874 0.5651595744680851 0.072522159548751 0.15159574468085105
1 0.2800161160354553 0.5438829787234042 0.07655116841257051 0.1356382978723404
1 0.39524576954069296 0.5279255319148936 0.0491539081385979 0.10904255319148935
1 0.07050765511684125 0.5917553191489362 0.1410153102336825 0.19946808510638298
1 0.1764705882352941 0.5465425531914894 0.08702659145850121 0.13031914893617022
1 0.32675261885576146 0.4986702127659574 0.0394842868654311 0.08776595744680851
1 0.5427074939564867 0.4973404255319149 0.0169218372280419 0.03723404255319149
