2 0.6433764135702746 0.6791443850267379 0.05573505654281099 0.4759358288770053
2 0.7019386106623587 0.6617647058823529 0.06785137318255251 0.48930481283422456
2 0.039983844911147016 0.6925133689839572 0.062197092084006464 0.4866310160427807
2 0.3150242326332795 0.5909090909090908 0.038772213247172865 0.29411764705882354
2 0.5456381260096931 0.5481283422459893 0.021809369951534735 0.2032085561497326
2 0.7063812600969306 0.5748663101604278 0.06704361873990307 0.3101604278074866
2 0.9147819063004847 0.5802139037433155 0.07189014539579969 0.4117647058823529
2 0.8348142164781907 0.5628342245989304 0.0395799676898223 0.32352941176470584
2 0.36470113085621975 0.5641711229946523 0.026655896607431343 0.1978609625668449
2 0.3376413570274637 0.5628342245989304 0.025848142164781908 0.20588235294117646
2 0.9628432956381261 0.5735294117647058 0.0630048465266559 0.39304812834224595
1 0.44184168012924074 0.4919786096256684 0.025848142164781908 0.0855614973262032
1 0.3703554119547658 0.516042780748663 0.0654281098546042 0.1818181818181818
1 0.3945880452342488 0.5066844919786095 0.04281098546042004 0.14171122994652405
