2 0.8150242326332795 0.7085561497326203 0.17447495961227788 0.5775401069518716
2 0.45678513731825526 0.5628342245989304 0.03311793214862682 0.27540106951871657
2 0.7463651050080776 0.7272727272727272 0.05977382875605816 0.5401069518716577
2 0.6506462035541196 0.6951871657754011 0.04927302100161551 0.4866310160427807
2 0.6066235864297254 0.6524064171122994 0.048465266558966075 0.40106951871657753
2 0.7088045234248789 0.6082887700534759 0.03796445880452343 0.3716577540106952
2 0.6284329563812602 0.5909090909090908 0.06138933764135703 0.3101604278074866
2 0.6878029079159936 0.6657754010695187 0.04765751211631664 0.3903743315508021
2 0.6736672051696285 0.5735294117647058 0.05815831987075929 0.28609625668449196
2 0.6631663974151858 0.6256684491978609 0.05815831987075929 0.3529411764705882
1 0.45678513731825526 0.53475935828877 0.05411954765751212 0.13903743315508021
