1 0.4951651893634166 0.5478723404255319 0.060435132957292505 0.18085106382978722
1 0.05842062852538275 0.6848404255319149 0.1168412570507655 0.3484042553191489
1 0.1506849315068493 0.7393617021276595 0.3013698630136986 0.5159574468085106
1 0.22683319903303786 0.5731382978723404 0.10394842868654311 0.1622340425531915
1 0.34730056406124094 0.5678191489361702 0.08380338436744561 0.18351063829787234
1 0.39443996776792906 0.5292553191489362 0.0427074939564867 0.09574468085106383
1 0.41901692183722805 0.5146276595744681 0.0338436744560838 0.07712765957446809
1 0.2127316680096696 0.5492021276595744 0.08380338436744561 0.11968085106382978
1 0.2639000805801773 0.5319148936170213 0.052377115229653506 0.09042553191489361
1 0.35334407735697015 0.49601063829787234 0.0298146655922643 0.07180851063829786
