1 0.4262691377921031 0.5079787234042553 0.0177276390008058 0.047872340425531915
1 0.48348106365834004 0.5664893617021276 0.0692989524576954 0.18617021276595744
1 0.0821917808219178 0.75 0.1643835616438356 0.4361702127659574
1 0.05922643029814666 0.5851063829787234 0.11845286059629331 0.2978723404255319
1 0.20427074939564865 0.6183510638297872 0.1232876712328767 0.22074468085106383
1 0.3932312651087832 0.5438829787234042 0.041901692183722805 0.13031914893617022
1 0.26873489121676064 0.5571808510638298 0.07010475423045931 0.1356382978723404
1 0.19057211925866235 0.5558510638297872 0.0813859790491539 0.1276595744680851
1 0.3170829975825947 0.5292553191489362 0.0378726833199033 0.0851063829787234
1 0.23247381144238516 0.5146276595744681 0.058823529411764705 0.125
1 0.33360193392425463 0.5199468085106382 0.0290088638195004 0.06648936170212766
1 0.35173247381144235 0.4906914893617021 0.023368251410153102 0.08776595744680851
