2 0.43134087237479807 0.7072192513368983 0.07269789983844911 0.5802139037433155
2 0.43497576736672056 0.6898395721925134 0.0864297253634895 0.4866310160427807
2 0.30654281098546043 0.6885026737967914 0.04765751211631664 0.4679144385026738
2 0.22697899838449112 0.6470588235294117 0.04361873990306947 0.3796791443850267
2 0.422859450726979 0.6109625668449198 0.07189014539579969 0.36631016042780745
2 0.31623586429725364 0.6577540106951871 0.04927302100161551 0.37433155080213903
2 0.3634894991922456 0.5721925133689839 0.025848142164781908 0.2887700534759358
2 0.38126009693053314 0.6136363636363636 0.0420032310177706 0.35561497326203206
1 0.3449111470113086 0.5762032085561497 0.09046849757673668 0.21122994652406415
2 0.537156704361874 0.49999999999999994 0.01615508885298869 0.13903743315508021
2 0.454361873990307 0.5093582887700534 0.01373182552504039 0.12566844919786097
