2 0.890145395799677 0.6951871657754011 0.21809369951534735 0.6042780748663101
2 0.42326332794830374 0.5681818181818181 0.037156704361873995 0.2914438502673797
2 0.8239095315024233 0.7245989304812834 0.07431340872374799 0.5454545454545454
2 0.6781098546042004 0.7165775401069518 0.05411954765751212 0.5614973262032085
2 0.5807754442649435 0.6644385026737968 0.05492730210016156 0.43582887700534756
2 0.7370759289176091 0.6256684491978609 0.05250403877221325 0.42780748663101603
2 0.6344911147011308 0.5975935828877005 0.0395799676898223 0.33957219251336895
2 0.6845718901453959 0.6791443850267379 0.04604200323101777 0.45454545454545453
2 0.6655896607431341 0.5842245989304813 0.0630048465266559 0.31283422459893045
2 0.6821486268174476 0.6336898395721925 0.06865912762520195 0.3957219251336898
1 0.45597738287560585 0.53475935828877 0.06058158319870759 0.1550802139037433
