1 0.49476228847703463 0.5611702127659575 0.0676873489121676 0.20212765957446807
1 0.08098307816277195 0.6622340425531915 0.1619661563255439 0.3031914893617021
1 0.1966156325543916 0.6994680851063829 0.22884770346494762 0.425531914893617
1 0.3597904915390814 0.5585106382978723 0.0652699435938759 0.13829787234042554
1 0.29331184528605964 0.5425531914893617 0.0692989524576954 0.1276595744680851
1 0.4008863819500403 0.526595744680851 0.0459307010475423 0.10106382978723404
1 0.09105560032232071 0.5824468085106382 0.1514907332796132 0.18085106382978722
1 0.19500402900886382 0.5438829787234042 0.0789685737308622 0.11968085106382978
1 0.33199033037872683 0.4973404255319149 0.0370668815471394 0.0851063829787234
1 0.5370668815471393 0.4986702127659574 0.0169218372280419 0.0398936170212766
