2 0.10379644588045235 0.6898395721925134 0.2075928917609047 0.6149732620320856
2 0.5250403877221325 0.5641711229946523 0.02746365105008078 0.25133689839572193
2 0.36995153473344106 0.5414438502673796 0.02261712439418417 0.17379679144385027
2 0.35379644588045234 0.5387700534759358 0.017770597738287562 0.16310160427807485
2 0.19709208400646205 0.8061497326203209 0.11308562197092084 0.38235294117647056
2 0.595718901453958 0.516042780748663 0.018578352180936997 0.1550802139037433
2 0.505654281098546 0.5240641711229946 0.017770597738287562 0.1657754010695187
2 0.5589660743134087 0.5628342245989304 0.02261712439418417 0.24331550802139035
2 0.5844103392568659 0.5294117647058824 0.021809369951534735 0.1978609625668449
2 0.6106623586429726 0.5066844919786095 0.01615508885298869 0.17379679144385027
1 0.4478998384491115 0.5053475935828877 0.03150242326332795 0.08021390374331551
2 0.188610662358643 0.5935828877005347 0.036348949919224556 0.2727272727272727
2 0.5706785137318255 0.5548128342245989 0.018578352180936997 0.20053475935828877
