0 0.741421568627451 0.5175675675675676 0.06454248366013073 0.26216216216216215
2 0.7794117647058824 0.4756756756756757 0.016339869281045753 0.16756756756756758
2 0.4199346405228758 0.6432432432432433 0.05555555555555556 0.4864864864864865
2 0.33782679738562094 0.6121621621621622 0.06781045751633988 0.4621621621621622
2 0.3839869281045752 0.6135135135135136 0.057189542483660136 0.5135135135135136
2 0.6776960784313726 0.5135135135135136 0.031862745098039214 0.21621621621621623
2 0.8897058823529412 0.5067567567567568 0.029411764705882353 0.2567567567567568
2 0.9162581699346406 0.5054054054054055 0.04330065359477124 0.2972972972972973
2 0.9015522875816994 0.5202702702702703 0.02369281045751634 0.24594594594594596
1 0.4963235294117647 0.45 0.015522875816993464 0.05675675675675676
