1 0.4923448831587429 0.5438829787234042 0.0547945205479452 0.1675531914893617
1 0.12409347300564061 0.5226063829787234 0.24818694601128122 0.9494680851063829
1 0.0983078162771958 0.6329787234042553 0.1966156325543916 0.2765957446808511
1 0.23892022562449636 0.5691489361702128 0.09427880741337631 0.16489361702127658
1 0.3432715551974214 0.5784574468085106 0.09669621273166801 0.22074468085106383
1 0.3102336825141015 0.5359042553191489 0.0580177276390008 0.10372340425531915
1 0.39202256244963735 0.5292553191489362 0.0475423045930701 0.11702127659574468
1 0.4117647058823529 0.5146276595744681 0.0306204673650282 0.07180851063829786
1 0.4282836422240129 0.5066489361702128 0.0249798549556809 0.061170212765957445
1 0.27598710717163577 0.5332446808510638 0.055600322320709106 0.08776595744680851
