0 0.6997549019607844 0.5283783783783784 0.05473856209150327 0.27297297297297296
2 0.928921568627451 0.6337837837837839 0.14052287581699346 0.727027027027027
2 0.7634803921568628 0.47162162162162163 0.01715686274509804 0.16486486486486487
2 0.47671568627450983 0.6067567567567568 0.04166666666666667 0.3918918918918919
2 0.4084967320261438 0.5905405405405406 0.05228758169934641 0.3756756756756757
2 0.4383169934640523 0.5797297297297298 0.05147058823529412 0.41891891891891897
2 0.7066993464052288 0.5108108108108108 0.029411764705882353 0.20540540540540542
2 0.8958333333333334 0.5067567567567568 0.03676470588235294 0.24054054054054055
2 0.9264705882352942 0.4905405405405406 0.0392156862745098 0.2783783783783784
2 0.9076797385620915 0.518918918918919 0.02777777777777778 0.22702702702702704
1 0.49836601307189543 0.45675675675675675 0.014705882352941176 0.05405405405405406
