1 0.47300564061240935 0.5146276595744681 0.0273972602739726 0.08244680851063829
1 0.0612409347300564 0.7087765957446809 0.1224818694601128 0.3537234042553191
1 0.1563255439161966 0.7699468085106382 0.3126510878323932 0.45478723404255317
1 0.21716357775987105 0.5917553191489362 0.1168412570507655 0.18882978723404256
1 0.2784045124899275 0.5571808510638298 0.0652699435938759 0.11968085106382978
1 0.3529411764705882 0.5678191489361702 0.072522159548751 0.14095744680851063
1 0.40733279613215145 0.4906914893617021 0.0443190975020145 0.1622340425531915
1 0.4258662369057212 0.5172872340425532 0.023368251410153102 0.061170212765957445
1 0.040290088638195005 0.6156914893617021 0.08058017727639001 0.19414893617021275
1 0.13819500402900886 0.5625 0.11361804995970991 0.1622340425531915
1 0.2715551974214343 0.5345744680851063 0.0580177276390008 0.10638297872340426
