2 0.6163166397415186 0.6590909090909091 0.050080775444264945 0.4572192513368984
2 0.6878029079159936 0.6443850267379678 0.05250403877221325 0.4598930481283422
2 0.252827140549273 0.5949197860962566 0.04038772213247173 0.3074866310160428
2 0.5222132471728594 0.5427807486631016 0.023424878836833606 0.2032085561497326
2 0.6801292407108239 0.5641711229946523 0.04523424878836834 0.3048128342245989
2 0.8962035541195477 0.6029411764705882 0.062197092084006464 0.45187165775401067
2 0.8610662358642973 0.5681818181818181 0.04038772213247173 0.35561497326203206
2 0.3352180936995154 0.570855614973262 0.025848142164781908 0.23262032085561496
2 0.3105815831987076 0.5655080213903743 0.021809369951534735 0.23796791443850265
2 0.9240710823909533 0.5641711229946523 0.05815831987075929 0.3903743315508021
1 0.43659127625201943 0.4839572192513369 0.02988691437802908 0.0962566844919786
1 0.3562197092084007 0.5080213903743315 0.07108239095315025 0.1925133689839572
1 0.382875605815832 0.49999999999999994 0.04523424878836834 0.1443850267379679
