1 0.5020128824476651 0.5226666666666666 0.04911433172302738 0.13333333333333333
1 0.29790660225442833 0.6013333333333333 0.1723027375201288 0.25866666666666666
1 0.35990338164251207 0.5213333333333333 0.09017713365539452 0.152
1 0.3824476650563607 0.512 0.08695652173913043 0.128
1 0.4086151368760064 0.4933333333333333 0.07004830917874397 0.09066666666666666
1 0.4392109500805153 0.45599999999999996 0.05877616747181964 0.10133333333333333
1 0.8260869565217391 0.7333333333333333 0.27697262479871176 0.46399999999999997
1 0.67914653784219 0.6053333333333333 0.1247987117552335 0.23466666666666666
1 0.6276167471819646 0.532 0.0861513687600644 0.19999999999999998
2 0.5660225442834138 0.496 0.01288244766505636 0.10133333333333333
1 0.6755233494363929 0.4973333333333333 0.09017713365539452 0.11466666666666667
1 0.0785024154589372 0.616 0.1570048309178744 0.31466666666666665
1 0.18357487922705315 0.5479999999999999 0.13848631239935588 0.19999999999999998
1 0.49838969404186795 0.48666666666666664 0.028985507246376812 0.088
1 0.24758454106280192 0.5253333333333333 0.08293075684380032 0.15466666666666667
1 0.7862318840579711 0.476 0.1360708534621578 0.16799999999999998
1 0.02254428341384863 0.5386666666666666 0.04508856682769726 0.18666666666666665
