1 0.4230459307010475 0.5053191489361702 0.016116035455278 0.047872340425531915
1 0.4460112812248187 0.5398936170212766 0.0475423045930701 0.14361702127659573
1 0.3521353746978243 0.5664893617021276 0.0692989524576954 0.18617021276595744
1 0.09387590652699436 0.6449468085106382 0.18775181305398872 0.2845744680851064
1 0.052377115229653506 0.6090425531914894 0.10475423045930701 0.2180851063829787
1 0.2542304593070105 0.5545212765957447 0.07010475423045931 0.13031914893617022
1 0.14585012087026591 0.5305851063829787 0.1015310233682514 0.17819148936170212
1 0.29935535858178886 0.5345744680851063 0.0443190975020145 0.09042553191489361
1 0.2304593070104754 0.5332446808510638 0.046736502820306204 0.08244680851063829
1 0.34045124899274776 0.4906914893617021 0.031426269137792104 0.10904255319148935
1 0.3904109589041096 0.4640957446808511 0.020145044319097503 0.10372340425531915
