1 0.48428686543110394 0.5252659574468085 0.0306204673650282 0.09308510638297872
1 0.1708299758259468 0.7513297872340425 0.2997582594681708 0.4920212765957447
1 0.1232876712328767 0.6356382978723404 0.1917808219178082 0.2712765957446808
1 0.29854955680902495 0.5638297872340425 0.07332796132151491 0.13297872340425532
1 0.39000805801772764 0.5784574468085106 0.0709105560032232 0.15691489361702127
1 0.34971796937953264 0.5305851063829787 0.046736502820306204 0.09308510638297872
1 0.4121676067687349 0.5305851063829787 0.0378726833199033 0.08244680851063829
1 0.43795326349717967 0.4853723404255319 0.0282030620467365 0.10904255319148935
1 0.05922643029814666 0.6117021276595744 0.11845286059629331 0.23404255319148937
1 0.1522965350523771 0.5731382978723404 0.112812248186946 0.15691489361702127
1 0.2639000805801773 0.5412234042553191 0.055600322320709106 0.08776595744680851
