1 0.9194847020933977 0.5479999999999999 0.15942028985507245 0.3173333333333333
1 0.06964573268921095 0.7493333333333333 0.1392914653784219 0.496
1 0.10144927536231885 0.6613333333333333 0.2028985507246377 0.36266666666666664
1 0.14895330112721417 0.5973333333333333 0.2882447665056361 0.33066666666666666
1 0.2886473429951691 0.5413333333333333 0.1537842190016103 0.20266666666666666
1 0.30917874396135264 0.5466666666666666 0.14009661835748793 0.14933333333333332
1 0.21578099838969403 0.5813333333333334 0.1996779388083736 0.21866666666666665
1 0.40700483091787437 0.5066666666666666 0.07648953301127215 0.08
1 0.8478260869565217 0.5093333333333333 0.1143317230273752 0.16
1 0.5785024154589372 0.504 0.08132045088566828 0.096
