1 0.47381144238517325 0.5305851063829787 0.0370668815471394 0.10904255319148935
1 0.23086220789685735 0.738031914893617 0.2554391619661563 0.5186170212765957
1 0.1385979049153908 0.6236702127659575 0.1643835616438356 0.24734042553191488
1 0.032232070910556 0.6023936170212766 0.064464141821112 0.2101063829787234
1 0.3041901692183723 0.5398936170212766 0.0636583400483481 0.13297872340425532
1 0.3827558420628525 0.5598404255319149 0.06285253827558421 0.14095744680851063
1 0.3440773569701853 0.5305851063829787 0.046736502820306204 0.09308510638297872
1 0.4222401289282836 0.5292553191489362 0.0354552780016116 0.0851063829787234
1 0.44077356970185333 0.4800531914893617 0.020950846091861403 0.08244680851063829
1 0.14746172441579372 0.5678191489361702 0.1063658340048348 0.15159574468085105
