1 0.45004029008863816 0.5093085106382979 0.0169218372280419 0.05053191489361702
1 0.038678485092667206 0.7566489361702128 0.07735697018533441 0.48138297872340424
1 0.5346494762288477 0.5904255319148936 0.0878323932312651 0.2180851063829787
1 0.19863013698630136 0.648936170212766 0.1506849315068493 0.26595744680851063
1 0.11845286059629331 0.5664893617021276 0.15471394037066882 0.24468085106382978
1 0.2876712328767123 0.5837765957446809 0.08058017727639001 0.1622340425531915
1 0.42506043513295727 0.5398936170212766 0.0378726833199033 0.11702127659574468
1 0.3195004029008864 0.5452127659574468 0.053988718775181306 0.11170212765957446
1 0.24536663980660756 0.5478723404255319 0.0652699435938759 0.11170212765957446
1 0.35334407735697015 0.5252659574468085 0.031426269137792104 0.07712765957446809
1 0.2771958098307816 0.5132978723404256 0.0499597099113618 0.11170212765957446
1 0.3638195004029009 0.5146276595744681 0.0249798549556809 0.061170212765957445
1 0.37912973408541495 0.4920212765957447 0.020145044319097503 0.0797872340425532
