1 0.4153908138597905 0.5106382978723404 0.0169218372280419 0.047872340425531915
1 0.44923448831587426 0.5531914893617021 0.053988718775181306 0.15425531914893617
1 0.060838033843674456 0.738031914893617 0.12167606768734891 0.4015957446808511
1 0.363013698630137 0.5571808510638298 0.055600322320709106 0.15691489361702127
1 0.18211120064464142 0.5984042553191489 0.12087026591458501 0.19680851063829788
1 0.09871071716357775 0.586436170212766 0.1281224818694601 0.1728723404255319
1 0.2771958098307816 0.5465425531914894 0.0531829170024174 0.10904255319148935
1 0.17929089443996776 0.5279255319148936 0.07977437550362611 0.15159574468085105
1 0.30781627719580984 0.526595744680851 0.0370668815471394 0.0797872340425532
1 0.24053182917002416 0.5319148936170213 0.0394842868654311 0.07446808510638298
1 0.3376309427880741 0.4906914893617021 0.0273972602739726 0.09840425531914894
