2 0.4975767366720517 0.5481283422459893 0.017770597738287562 0.16042780748663102
2 0.5105008077544427 0.5454545454545454 0.019386106623586433 0.1818181818181818
2 0.026655896607431343 0.6938502673796791 0.053311793214862686 0.3877005347593583
2 0.11833602584814218 0.7286096256684491 0.0864297253634895 0.5374331550802138
2 0.7027463651050081 0.6550802139037433 0.06138933764135703 0.4866310160427807
2 0.8885298869143781 0.6831550802139037 0.10177705977382877 0.6283422459893048
2 0.44184168012924074 0.5548128342245989 0.02261712439418417 0.19518716577540104
1 0.3554119547657512 0.5641711229946523 0.11631663974151858 0.29411764705882354
1 0.4091276252019386 0.5334224598930482 0.06381260096930534 0.20053475935828877
2 0.6663974151857835 0.6016042780748663 0.04038772213247173 0.2192513368983957
