1 0.47824335213537467 0.5119680851063829 0.0346494762288477 0.10372340425531915
1 0.032232070910556 0.6609042553191489 0.064464141821112 0.300531914893617
1 0.13174858984689766 0.7101063829787234 0.2634971796937953 0.425531914893617
1 0.20829975825946817 0.5558510638297872 0.1168412570507655 0.2180851063829787
1 0.36623690572119255 0.5066489361702128 0.0813859790491539 0.24202127659574468
1 0.27961321514907334 0.5465425531914894 0.06285253827558421 0.11436170212765957
1 0.40733279613215145 0.5053191489361702 0.0378726833199033 0.10106382978723404
1 0.42344883158742946 0.5079787234042553 0.0249798549556809 0.05851063829787234
1 0.43553585817888796 0.47473404255319146 0.023368251410153102 0.08244680851063829
1 0.1232876712328767 0.5718085106382979 0.12570507655116842 0.16489361702127658
