1 0.4951651893634166 0.5545212765957447 0.062046736502820304 0.18351063829787234
1 0.021756647864625302 0.6928191489361702 0.043513295729250605 0.34308510638297873
1 0.12771958098307815 0.7420212765957447 0.2554391619661563 0.5106382978723404
1 0.20427074939564865 0.5877659574468085 0.11845286059629331 0.18085106382978722
1 0.3311845286059629 0.5837765957446809 0.09669621273166801 0.2101063829787234
1 0.3896051571313457 0.5359042553191489 0.0459307010475423 0.10372340425531915
1 0.41659951651893634 0.5172872340425532 0.0354552780016116 0.08244680851063829
1 0.19540692989524577 0.5531914893617021 0.0926672038678485 0.1276595744680851
1 0.2526188557614827 0.5345744680851063 0.057211925866236905 0.09574468085106383
1 0.3493150684931507 0.49601063829787234 0.031426269137792104 0.07180851063829786
1 0.5169218372280419 0.4986702127659574 0.0153102336825141 0.0398936170212766
