1 0.9460784313725491 0.5635135135135135 0.10620915032679738 0.13783783783783785
1 0.8937908496732027 0.5608108108108109 0.10130718954248366 0.13243243243243244
1 0.8251633986928105 0.5608108108108109 0.09477124183006536 0.14324324324324325
1 0.505718954248366 0.5067567567567568 0.02777777777777778 0.08378378378378379
0 0.6491013071895425 0.6445945945945947 0.12990196078431374 0.41891891891891897
0 0.7965686274509804 0.6027027027027028 0.15359477124183007 0.43783783783783786
0 0.2920751633986928 0.568918918918919 0.05147058823529412 0.24594594594594596
2 0.15727124183006536 0.46621621621621623 0.01715686274509804 0.12702702702702703
2 0.16053921568627452 0.5 0.022058823529411766 0.1783783783783784
2 0.1352124183006536 0.4918918918918919 0.022058823529411766 0.1837837837837838
2 0.7745098039215687 0.6837837837837838 0.06209150326797386 0.5567567567567568
2 0.7916666666666667 0.65 0.058823529411764705 0.5162162162162163
2 0.8966503267973857 0.668918918918919 0.06781045751633988 0.6081081081081081
2 0.9473039215686275 0.6864864864864866 0.10375816993464053 0.6216216216216217
