1 0.6164383561643836 0.6103723404255319 0.0950846091861402 0.22606382978723405
1 0.11160354552780016 0.6143617021276596 0.17969379532634971 0.2765957446808511
1 0.28323932312651084 0.6502659574468085 0.1555197421434327 0.31117021276595747
1 0.38477034649476227 0.5452127659574468 0.060435132957292505 0.14893617021276595
1 0.5511684125705076 0.5332446808510638 0.046736502820306204 0.11436170212765957
1 0.40975020145044316 0.5332446808510638 0.0427074939564867 0.10372340425531915
1 0.3331990330378727 0.5305851063829787 0.0475423045930701 0.09308510638297872
1 0.36946011281224816 0.5172872340425532 0.033037872683319904 0.07180851063829786
1 0.43553585817888796 0.5079787234042553 0.021756647864625302 0.05319148936170213
1 0.4814665592264303 0.5039893617021276 0.020145044319097503 0.061170212765957445
1 0.515713134568896 0.5039893617021276 0.019339242546333603 0.05585106382978723
1 0.5056406124093473 0.4973404255319149 0.0153102336825141 0.047872340425531915
1 0.290491539081386 0.4720744680851064 0.0346494762288477 0.07180851063829786
