2 0.9097222222222222 0.6675675675675676 0.17238562091503268 0.6594594594594595
2 0.8762254901960784 0.6918918918918919 0.1642156862745098 0.6108108108108108
2 0.5179738562091504 0.6783783783783784 0.07679738562091504 0.6108108108108108
2 0.43423202614379086 0.6662162162162163 0.09068627450980392 0.6621621621621622
2 0.5641339869281046 0.6756756756756757 0.07924836601307189 0.5243243243243243
2 0.45710784313725494 0.49324324324324326 0.022058823529411766 0.20270270270270271
2 0.4383169934640523 0.5054054054054055 0.015522875816993464 0.1891891891891892
2 0.45710784313725494 0.46756756756756757 0.018790849673202614 0.16756756756756758
2 0.4930555555555556 0.4702702702702703 0.01715686274509804 0.15675675675675677
0 0.27941176470588236 0.4594594594594595 0.04575163398692811 0.15675675675675677
0 0.43218954248366015 0.44189189189189193 0.026143790849673203 0.11081081081081082
