1 0.9468954248366014 0.5675675675675675 0.10457516339869281 0.14054054054054055
1 0.8941993464052288 0.5608108108108109 0.10212418300653595 0.13243243243243244
1 0.8251633986928105 0.5608108108108109 0.09477124183006536 0.14324324324324325
1 0.505718954248366 0.5054054054054055 0.02777777777777778 0.08108108108108109
2 0.9379084967320261 0.6770270270270271 0.06699346405228758 0.5270270270270271
2 0.945669934640523 0.6770270270270271 0.04493464052287582 0.4513513513513514
2 0.5996732026143791 0.6108108108108108 0.05392156862745098 0.3837837837837838
2 0.22303921568627452 0.522972972972973 0.01797385620915033 0.20270270270270271
2 0.2728758169934641 0.5175675675675676 0.024509803921568627 0.1972972972972973
2 0.28308823529411764 0.5324324324324324 0.015522875816993464 0.20540540540540542
2 0.3104575163398693 0.5567567567567568 0.03104575163398693 0.2648648648648649
2 0.352124183006536 0.5513513513513514 0.032679738562091505 0.23243243243243245
2 0.21037581699346405 0.5378378378378379 0.028594771241830068 0.23783783783783785
2 0.24673202614379086 0.5405405405405406 0.02777777777777778 0.23243243243243245
2 0.27369281045751637 0.5472972972972974 0.024509803921568627 0.20810810810810812
2 0.2450980392156863 0.5324324324324324 0.03594771241830066 0.21081081081081082
