1 0.6265108783239323 0.6196808510638298 0.1023368251410153 0.24468085106382978
1 0.1627719580983078 0.5930851063829787 0.1434327155519742 0.23404255319148937
1 0.2884770346494762 0.6462765957446809 0.1514907332796132 0.3031914893617021
1 0.38839645447219984 0.5452127659574468 0.0580177276390008 0.14361702127659573
1 0.556406124093473 0.5372340425531915 0.0491539081385979 0.12234042553191489
1 0.41055600322320707 0.5292553191489362 0.0427074939564867 0.10106382978723404
1 0.3364222401289283 0.5292553191489362 0.0459307010475423 0.09042553191489361
1 0.3698630136986301 0.5106382978723404 0.0306204673650282 0.06914893617021277
1 0.43634165995165186 0.5053191489361702 0.021756647864625302 0.05319148936170213
1 0.48267526188557613 0.5039893617021276 0.020950846091861403 0.06648936170212766
1 0.5233682514101531 0.5053191489361702 0.021756647864625302 0.05851063829787234
1 0.508460918614021 0.49601063829787234 0.016116035455278 0.05053191489361702
