1 0.508460918614021 0.5132978723404256 0.019339242546333603 0.05319148936170213
1 0.20668815471394036 0.6901595744680851 0.20225624496373892 0.39095744680851063
1 0.0298146655922643 0.6648936170212766 0.0596293311845286 0.30851063829787234
1 0.1297340854149879 0.5837765957446809 0.145044319097502 0.27393617021276595
1 0.7320709105560032 0.7220744680851063 0.2377115229653505 0.48138297872340424
1 0.3529411764705882 0.5744680851063829 0.0709105560032232 0.14893617021276595
1 0.2594681708299758 0.5412234042553191 0.0950846091861402 0.17819148936170212
1 0.3896051571313457 0.5465425531914894 0.0475423045930701 0.10904255319148935
1 0.4814665592264303 0.5305851063829787 0.033037872683319904 0.10372340425531915
1 0.32755842062852536 0.5359042553191489 0.0491539081385979 0.09308510638297872
1 0.42022562449637385 0.5199468085106382 0.021756647864625302 0.061170212765957445
1 0.35173247381144235 0.5093085106382979 0.0394842868654311 0.09308510638297872
1 0.435132957292506 0.4906914893617021 0.016116035455278 0.07180851063829786
