2 0.6421647819063006 0.6711229946524063 0.050080775444264945 0.42780748663101603
2 0.2948303715670436 0.6577540106951871 0.04523424878836834 0.3796791443850267
2 0.21970920840064623 0.6564171122994652 0.035541195476575124 0.3609625668449198
2 0.8210823909531503 0.6350267379679144 0.05250403877221325 0.40909090909090906
2 0.7693861066235865 0.6283422459893048 0.050888529886914384 0.40106951871657753
2 0.5347334410339257 0.5628342245989304 0.02746365105008078 0.20588235294117646
2 0.6397415185783523 0.6550802139037433 0.050080775444264945 0.3636363636363636
2 0.595718901453958 0.6350267379679144 0.03311793214862682 0.31283422459893045
2 0.5779483037156705 0.624331550802139 0.023424878836833606 0.27540106951871657
2 0.6437802907915994 0.5895721925133689 0.04684975767366721 0.27005347593582885
2 0.6526655896607432 0.553475935828877 0.037156704361873995 0.2192513368983957
1 0.46082390953150243 0.5401069518716577 0.04119547657512117 0.10695187165775401
