2 0.8323909531502424 0.6510695187165775 0.07512116316639741 0.6176470588235293
2 0.5201938610662359 0.624331550802139 0.04361873990306947 0.3877005347593583
2 0.2738287560581583 0.6844919786096256 0.06623586429725364 0.5508021390374331
2 0.7883683360258482 0.6550802139037433 0.08723747980613894 0.6844919786096256
0 0.35500807754442654 0.6818181818181818 0.07512116316639741 0.4598930481283422
2 0.3134087237479806 0.6671122994652406 0.053311793214862686 0.25935828877005346
2 0.4058966074313409 0.5187165775401069 0.012116316639741519 0.1497326203208556
2 0.3913570274636511 0.5267379679144385 0.01373182552504039 0.13903743315508021
2 0.45840064620355414 0.5280748663101604 0.015347334410339258 0.16310160427807485
2 0.47980613893376417 0.5280748663101604 0.009693053311793216 0.15775401069518716
2 0.4244749596122779 0.5254010695187166 0.016962843295638127 0.15240641711229946
