2 0.7399030694668821 0.6911764705882353 0.07269789983844911 0.6122994652406417
2 0.05775444264943458 0.6751336898395721 0.11550888529886916 0.6443850267379678
2 0.4818255250403877 0.517379679144385 0.026655896607431343 0.24866310160427807
2 0.7023424878836834 0.6724598930481283 0.04119547657512117 0.5053475935828877
2 0.6215670436187399 0.624331550802139 0.04281098546042004 0.41978609625668445
2 0.5920840064620356 0.5922459893048128 0.03231017770597738 0.35026737967914434
2 0.6821486268174476 0.5561497326203209 0.0654281098546042 0.3368983957219251
2 0.6490306946688207 0.6002673796791443 0.04119547657512117 0.3449197860962567
2 0.6530694668820679 0.516042780748663 0.02827140549273021 0.2620320855614973
1 0.45234248788368336 0.4839572192513369 0.050080775444264945 0.1283422459893048
