2 0.4684975767366721 0.5294117647058824 0.019386106623586433 0.13903743315508021
1 0.327140549273021 0.45454545454545453 0.1260096930533118 0.2299465240641711
1 0.41195476575121165 0.4425133689839572 0.0630048465266559 0.21122994652406415
1 0.528675282714055 0.42780748663101603 0.19466882067851374 0.2032085561497326
2 0.9923263327948304 0.8181818181818181 0.01373182552504039 0.3582887700534759
2 0.9212439418416802 0.7887700534759358 0.11873990306946688 0.41711229946524064
2 0.6789176090468498 0.696524064171123 0.0654281098546042 0.3074866310160428
2 0.7172859450726979 0.6885026737967914 0.06462035541195477 0.3074866310160428
2 0.6502423263327949 0.677807486631016 0.05977382875605816 0.25401069518716574
2 0.6902261712439419 0.6590909090909091 0.0444264943457189 0.27005347593582885
