2 0.6853796445880452 0.6898395721925134 0.04927302100161551 0.5187165775401069
2 0.23546042003231019 0.6991978609625668 0.07673667205169629 0.5374331550802138
2 0.12035541195476576 0.6844919786096256 0.05492730210016156 0.49732620320855614
2 0.9575928917609048 0.7018716577540106 0.08319870759289176 0.5909090909090908
2 0.9248788368336026 0.6898395721925134 0.0791599353796446 0.6149732620320856
2 0.5149434571890146 0.5360962566844919 0.023424878836833606 0.22192513368983957
2 0.6611470113085622 0.6577540106951871 0.05896607431340873 0.41711229946524064
2 0.6118739903069468 0.622994652406417 0.03150242326332795 0.3529411764705882
2 0.5896607431340872 0.5989304812834224 0.029079159935379646 0.3048128342245989
2 0.6506462035541196 0.56951871657754 0.05250403877221325 0.29411764705882354
2 0.6142972536348951 0.6082887700534759 0.03150242326332795 0.29679144385026734
2 0.661550888529887 0.5334224598930482 0.04038772213247173 0.23796791443850265
1 0.45840064620355414 0.5066844919786095 0.0444264943457189 0.11497326203208555
