2 0.556781045751634 0.472972972972973 0.01388888888888889 0.15675675675675677
2 0.24019607843137256 0.5337837837837838 0.02777777777777778 0.327027027027027
2 0.6666666666666667 0.6364864864864865 0.049019607843137254 0.5108108108108108
2 0.667483660130719 0.5810810810810811 0.05392156862745098 0.43243243243243246
2 0.6147875816993464 0.6189189189189189 0.0923202614379085 0.4918918918918919
2 0.607843137254902 0.654054054054054 0.057189542483660136 0.5351351351351352
2 0.46200980392156865 0.4972972972972973 0.028594771241830068 0.23243243243243245
2 0.4930555555555556 0.48783783783783785 0.028594771241830068 0.24054054054054055
2 0.46119281045751637 0.48243243243243245 0.025326797385620915 0.20810810810810812
2 0.4276960784313726 0.49324324324324326 0.025326797385620915 0.21891891891891893
2 0.47385620915032683 0.4783783783783784 0.013071895424836602 0.17297297297297298
2 0.3639705882352941 0.4905405405405406 0.02042483660130719 0.21891891891891893
2 0.38153594771241833 0.4918918918918919 0.01797385620915033 0.1891891891891892
2 0.40318627450980393 0.4756756756756757 0.01715686274509804 0.21081081081081082
1 0.1090686274509804 0.49864864864864866 0.2181372549019608 0.9972972972972973
