2 0.4907108239095315 0.5454545454545454 0.012116316639741519 0.1497326203208556
2 0.5105008077544427 0.53475935828877 0.0210016155088853 0.1550802139037433
2 0.15306946688206785 0.731283422459893 0.09289176090468498 0.5320855614973262
2 0.21082390953150243 0.6336898395721925 0.037156704361873995 0.2727272727272727
1 0.07027463651050081 0.7032085561497325 0.14054927302100162 0.5882352941176471
2 0.22576736672051698 0.6457219251336898 0.034733441033925685 0.32352941176470584
2 0.6526655896607432 0.606951871657754 0.048465266558966075 0.3903743315508021
2 0.8796445880452343 0.6310160427807486 0.10016155088852989 0.5508021390374331
2 0.28998384491114704 0.5842245989304813 0.0210016155088853 0.17914438502673796
2 0.4204361873990307 0.5481283422459893 0.01373182552504039 0.1497326203208556
1 0.3360258481421648 0.570855614973262 0.09854604200323103 0.25401069518716574
1 0.38045234248788373 0.5414438502673796 0.05654281098546042 0.17914438502673796
