1 0.46897663174858983 0.5172872340425532 0.032232070910556 0.09840425531914894
1 0.23489121676067687 0.7007978723404256 0.1829170024174053 0.36436170212765956
1 0.05922643029814666 0.6835106382978723 0.11845286059629331 0.3404255319148936
1 0.01410153102336825 0.601063829787234 0.0282030620467365 0.18617021276595744
1 0.16156325543916197 0.5984042553191489 0.1313456889605157 0.2074468085106383
1 0.2892828364222401 0.5053191489361702 0.09347300564061241 0.23936170212765956
1 0.14705882352941177 0.5638297872340425 0.10394842868654311 0.14361702127659573
1 0.3279613215149073 0.5305851063829787 0.048348106365834004 0.09840425531914894
1 0.4335213537469782 0.4574468085106383 0.0273972602739726 0.13297872340425532
1 0.24053182917002416 0.5292553191489362 0.057211925866236905 0.10106382978723404
