2 0.5298869143780292 0.5788770053475936 0.025848142164781908 0.2647058823529412
2 0.3618739903069467 0.5561497326203209 0.025848142164781908 0.1925133689839572
2 0.3412762520193861 0.5521390374331551 0.016962843295638127 0.17914438502673796
2 0.114297253634895 0.8355614973262031 0.15428109854604202 0.32352941176470584
2 0.6090468497576738 0.5294117647058824 0.01615508885298869 0.1711229946524064
2 0.5080775444264943 0.53475935828877 0.0210016155088853 0.1711229946524064
2 0.5634087237479807 0.5815508021390374 0.025040387722132473 0.25401069518716574
2 0.5848142164781907 0.5374331550802138 0.02261712439418417 0.2032085561497326
2 0.6118739903069468 0.5213903743315508 0.02827140549273021 0.1764705882352941
1 0.44709208400646205 0.517379679144385 0.03311793214862682 0.08288770053475936
2 0.13449111470113087 0.622994652406417 0.0395799676898223 0.29411764705882354
2 0.1773021001615509 0.7352941176470588 0.08319870759289176 0.3368983957219251
