2 0.8101777059773829 0.6951871657754011 0.18093699515347336 0.6042780748663101
2 0.3525848142164782 0.5628342245989304 0.034733441033925685 0.28609625668449196
2 0.752827140549273 0.7165775401069518 0.06138933764135703 0.5614973262032085
2 0.6252019386106624 0.6804812834224598 0.048465266558966075 0.49999999999999994
2 0.47697899838449115 0.6390374331550802 0.05411954765751212 0.4064171122994652
2 0.657108239095315 0.6122994652406417 0.07996768982229403 0.3957219251336898
2 0.5525040387722133 0.5868983957219251 0.038772213247172865 0.32352941176470584
2 0.6336833602584815 0.677807486631016 0.05735056542810986 0.4304812834224599
2 0.5904684975767367 0.56951871657754 0.037156704361873995 0.2994652406417112
2 0.6155088852988692 0.6136363636363636 0.06785137318255251 0.36631016042780745
1 0.42810985460420037 0.5414438502673796 0.06623586429725364 0.16844919786096255
