0 0.988562091503268 0.6310810810810811 0.021241830065359478 0.327027027027027
2 0.12990196078431374 0.6337837837837839 0.042483660130718956 0.39729729729729735
2 0.06862745098039216 0.6310810810810811 0.057189542483660136 0.46756756756756757
2 0.2540849673202614 0.6837837837837838 0.07516339869281045 0.5513513513513514
0 0.7700163398692811 0.6310810810810811 0.0661764705882353 0.3162162162162162
0 0.8999183006535948 0.5891891891891892 0.031862745098039214 0.17297297297297298
2 0.5445261437908497 0.518918918918919 0.008986928104575164 0.11351351351351352
2 0.551062091503268 0.518918918918919 0.007352941176470588 0.0972972972972973
0 0.7691993464052288 0.5324324324324324 0.035130718954248366 0.11351351351351352
2 0.852124183006536 0.5418918918918919 0.013071895424836602 0.11081081081081082
2 0.8770424836601307 0.5608108108108109 0.022058823529411766 0.11621621621621622
