2 0.47495961227786754 0.516042780748663 0.014539579967689823 0.1443850267379679
2 0.49353796445880455 0.5106951871657753 0.014539579967689823 0.1497326203208556
2 0.3150242326332795 0.6443850267379678 0.048465266558966075 0.44385026737967914
2 0.9668820678513732 0.6016042780748663 0.053311793214862686 0.4759358288770053
2 0.3311793214862682 0.5588235294117647 0.03231017770597738 0.21390374331550802
2 0.3166397415185784 0.6216577540106951 0.048465266558966075 0.30213903743315507
1 0.15791599353796446 0.6550802139037433 0.3158319870759289 0.6844919786096256
2 0.6712439418416801 0.5628342245989304 0.04523424878836834 0.35026737967914434
2 0.8824717285945073 0.5668449197860962 0.062197092084006464 0.42780748663101603
2 0.40508885298869146 0.5053475935828877 0.012116316639741519 0.1283422459893048
1 0.33925686591276255 0.5240641711229946 0.08239095315024234 0.2192513368983957
1 0.3731825525040388 0.5026737967914439 0.050080775444264945 0.16042780748663102
