1 0.9315619967793881 0.78 0.13526570048309178 0.43466666666666665
1 0.7862318840579711 0.7413333333333333 0.2536231884057971 0.512
1 0.016505636070853463 0.5426666666666666 0.033011272141706925 0.5093333333333333
1 0.033011272141706925 0.58 0.06602254428341385 0.16799999999999998
1 0.7061191626409018 0.5666666666666667 0.10789049919484701 0.328
1 0.4822866344605475 0.4933333333333333 0.037037037037037035 0.128
1 0.7435587761674718 0.45199999999999996 0.16344605475040258 0.20533333333333334
1 0.3526570048309179 0.5186666666666666 0.04830917874396135 0.09866666666666667
1 0.2942834138486312 0.5013333333333333 0.05877616747181964 0.13333333333333333
1 0.4247181964573269 0.48533333333333334 0.02818035426731079 0.07466666666666666
1 0.5970209339774557 0.49066666666666664 0.050724637681159424 0.096
1 0.5297906602254429 0.44 0.02576489533011272 0.09066666666666666
1 0.6348631239935588 0.49066666666666664 0.05233494363929146 0.10133333333333333
1 0.4971819645732689 0.42666666666666664 0.0249597423510467 0.128
1 0.19202898550724637 0.5226666666666666 0.07326892109500806 0.10133333333333333
1 0.10950080515297907 0.528 0.06602254428341385 0.09066666666666666
