2 0.8218901453957997 0.6590909090909091 0.09612277867528272 0.676470588235294
2 0.8655088852988692 0.5922459893048128 0.07027463651050081 0.6176470588235293
2 0.09168012924071083 0.8475935828877005 0.15428109854604202 0.2994652406417112
2 0.29806138933764137 0.7032085561497325 0.0791599353796446 0.2887700534759358
2 0.15064620355411956 0.836898395721925 0.14620355411954766 0.32085561497326204
2 0.4220516962843296 0.5601604278074866 0.025040387722132473 0.25935828877005346
2 0.3982229402261713 0.5614973262032085 0.029079159935379646 0.2459893048128342
2 0.4870759289176091 0.5254010695187166 0.02261712439418417 0.19518716577540104
2 0.5012116316639742 0.49732620320855614 0.01373182552504039 0.1443850267379679
2 0.5278675282714055 0.5254010695187166 0.020193861066235864 0.18983957219251335
2 0.5836025848142166 0.4959893048128342 0.015347334410339258 0.16310160427807485
1 0.45759289176090473 0.4799465240641711 0.025040387722132473 0.06684491978609625
2 0.3937802907915994 0.5280748663101604 0.015347334410339258 0.18983957219251335
2 0.5549273021001616 0.517379679144385 0.014539579967689823 0.16844919786096255
