2 0.4951534733441034 0.5227272727272727 0.01615508885298869 0.15240641711229946
2 0.5060581583198708 0.5254010695187166 0.021809369951534735 0.17379679144385027
2 0.04240710823909532 0.7152406417112299 0.08481421647819064 0.5641711229946523
2 0.08077544426494346 0.6417112299465241 0.050080775444264945 0.34759358288770054
2 0.16922455573505654 0.6751336898395721 0.05896607431340873 0.4679144385026738
2 0.6756865912762521 0.6256684491978609 0.062197092084006464 0.44385026737967914
2 0.8731825525040389 0.6737967914438502 0.10662358642972537 0.6470588235294117
2 0.3073505654281099 0.5441176470588235 0.03150242326332795 0.17379679144385027
2 0.4289176090468498 0.5294117647058824 0.017770597738287562 0.1764705882352941
1 0.3432956381260097 0.5414438502673796 0.10985460420032311 0.28074866310160423
1 0.39297253634894996 0.5133689839572192 0.062197092084006464 0.1925133689839572
