1 0.4935535858178888 0.5691489361702128 0.07010475423045931 0.2127659574468085
1 0.08017727639000806 0.75 0.16035455278001612 0.49468085106382975
1 0.32070910556003224 0.586436170212766 0.0918614020950846 0.18351063829787234
1 0.250201450443191 0.5598404255319149 0.0926672038678485 0.15691489361702127
1 0.3835616438356164 0.5412234042553191 0.0580177276390008 0.125
1 0.0370668815471394 0.5984042553191489 0.0741337630942788 0.2127659574468085
1 0.12852538275584205 0.5598404255319149 0.1087832393231265 0.15159574468085105
1 0.314262691377921 0.4986702127659574 0.043513295729250605 0.09308510638297872
1 0.5173247381144238 0.5039893617021276 0.024174053182917002 0.05053191489361702
1 0.556809024979855 0.5026595744680851 0.0177276390008058 0.03723404255319149
