2 0.5330882352941176 0.46891891891891896 0.015522875816993464 0.15405405405405406
2 0.2144607843137255 0.5364864864864866 0.02696078431372549 0.327027027027027
2 0.9084967320261438 0.6756756756756757 0.18137254901960784 0.6432432432432433
2 0.5723039215686274 0.4702702702702703 0.031862745098039214 0.1945945945945946
2 0.5915032679738562 0.6702702702702703 0.1454248366013072 0.654054054054054
2 0.5955882352941176 0.722972972972973 0.11437908496732027 0.5486486486486487
2 0.6184640522875817 0.6837837837837838 0.05392156862745098 0.6270270270270271
2 0.678921568627451 0.7405405405405405 0.07026143790849673 0.5135135135135136
2 0.6993464052287582 0.6972972972972973 0.05065359477124183 0.6000000000000001
2 0.7900326797385621 0.7148648648648649 0.07352941176470588 0.5648648648648649
2 0.3026960784313726 0.7216216216216217 0.07924836601307189 0.5513513513513514
2 0.46405228758169936 0.577027027027027 0.04575163398692811 0.37027027027027026
2 0.5494281045751634 0.5756756756756757 0.03839869281045752 0.34054054054054056
2 0.5772058823529412 0.5581081081081082 0.06781045751633988 0.37027027027027026
2 0.633578431372549 0.5432432432432432 0.059640522875817 0.34594594594594597
1 0.1090686274509804 0.49864864864864866 0.2181372549019608 0.9972972972972973
