2 0.46526655896607433 0.5374331550802138 0.02261712439418417 0.2032085561497326
2 0.505654281098546 0.5334224598930482 0.024232633279483037 0.21657754010695185
2 0.28634894991922455 0.5387700534759358 0.020193861066235864 0.19518716577540104
2 0.4551696284329564 0.5574866310160428 0.023424878836833606 0.22727272727272727
2 0.5767366720516963 0.6377005347593583 0.05815831987075929 0.4946524064171123
2 0.9680936995153474 0.5909090909090908 0.05896607431340873 0.4652406417112299
2 0.5137318255250404 0.5441176470588235 0.029079159935379646 0.23262032085561496
2 0.6276252019386107 0.6149732620320856 0.048465266558966075 0.37433155080213903
1 0.3283521809369952 0.6029411764705882 0.17043618739903071 0.39304812834224595
1 0.34087237479806143 0.5093582887700534 0.08239095315024234 0.21657754010695185
1 0.3739903069466882 0.49732620320855614 0.050080775444264945 0.16042780748663102
