1 0.5459307010475423 0.5199468085106382 0.0346494762288477 0.08776595744680851
1 0.5108783239323126 0.4933510638297872 0.0177276390008058 0.045212765957446804
1 0.32151490733279614 0.589095744680851 0.10475423045930701 0.22606382978723405
1 0.16962127316680095 0.589095744680851 0.13940370668815472 0.2047872340425532
1 0.2763900080580177 0.5292553191489362 0.0676873489121676 0.1595744680851064
1 0.4000805801772764 0.5305851063829787 0.0459307010475423 0.10372340425531915
1 0.33360193392425463 0.5132978723404256 0.0596293311845286 0.12234042553191489
1 0.42949234488315874 0.5132978723404256 0.0306204673650282 0.07446808510638298
1 0.49274778404512487 0.5093085106382979 0.0282030620467365 0.08776595744680851
1 0.3734891216760677 0.5106382978723404 0.0362610797743755 0.07446808510638298
1 0.44399677679290894 0.49601063829787234 0.016116035455278 0.045212765957446804
1 0.3835616438356164 0.49468085106382975 0.0306204673650282 0.0797872340425532
