2 0.659935379644588 0.6858288770053476 0.050080775444264945 0.4679144385026738
2 0.27180936995153476 0.676470588235294 0.050888529886914384 0.44385026737967914
2 0.17932148626817448 0.6684491978609626 0.05815831987075929 0.41711229946524064
2 0.8913570274636511 0.6711229946524063 0.07350565428109855 0.5080213903743315
2 0.8239095315024233 0.6885026737967914 0.06623586429725364 0.49999999999999994
2 0.5319063004846527 0.5641711229946523 0.023424878836833606 0.21390374331550802
2 0.648626817447496 0.6791443850267379 0.053311793214862686 0.3850267379679144
2 0.5977382875605817 0.6510695187165775 0.035541195476575124 0.32887700534759357
2 0.5791599353796446 0.6283422459893048 0.030694668820678516 0.2887700534759358
2 0.6474151857835219 0.5975935828877005 0.04927302100161551 0.28074866310160423
2 0.6054119547657513 0.6310160427807486 0.03150242326332795 0.2834224598930481
2 0.6567043618739904 0.5494652406417112 0.038772213247172865 0.22727272727272727
1 0.4592084006462036 0.5360962566844919 0.04281098546042004 0.10962566844919786
