2 0.661550888529887 0.6898395721925134 0.06623586429725364 0.5775401069518716
2 0.8117932148626817 0.5574866310160428 0.050080775444264945 0.4839572192513369
2 0.9176090468497577 0.5748663101604278 0.037156704361873995 0.45454545454545453
2 0.19466882067851374 0.8021390374331551 0.10662358642972537 0.3903743315508021
2 0.2378836833602585 0.8008021390374331 0.07996768982229403 0.39304812834224595
2 0.3255250403877222 0.6443850267379678 0.05977382875605816 0.2192513368983957
2 0.2536348949919225 0.7820855614973261 0.0840064620355412 0.36631016042780745
2 0.4151857835218094 0.5441176470588235 0.017770597738287562 0.20053475935828877
2 0.39539579967689825 0.5441176470588235 0.020193861066235864 0.18983957219251335
2 0.4668820678513732 0.5307486631016043 0.019386106623586433 0.18449197860962566
2 0.48747980613893377 0.5040106951871658 0.015347334410339258 0.13636363636363635
2 0.5020193861066237 0.5280748663101604 0.015347334410339258 0.17379679144385027
2 0.5601777059773829 0.49999999999999994 0.015347334410339258 0.1550802139037433
1 0.4378029079159936 0.4839572192513369 0.024232633279483037 0.0641711229946524
2 0.3994345718901454 0.5267379679144385 0.03311793214862682 0.1764705882352941
2 0.5193861066235864 0.5200534759358288 0.014539579967689823 0.15775401069518716
