2 0.9628432956381261 0.6577540106951871 0.07269789983844911 0.6791443850267379
2 0.6167205169628434 0.6711229946524063 0.05896607431340873 0.5133689839572192
0 0.11995153473344104 0.6911764705882353 0.23990306946688209 0.6122994652406417
2 0.7920032310177706 0.5508021390374331 0.04927302100161551 0.44385026737967914
2 0.8521809369951535 0.5588235294117647 0.04038772213247173 0.3903743315508021
2 0.23142164781906302 0.7941176470588235 0.0864297253634895 0.4064171122994652
2 0.26655896607431345 0.7713903743315508 0.06623586429725364 0.35561497326203206
2 0.33481421647819065 0.6296791443850267 0.05411954765751212 0.20053475935828877
2 0.2782714054927302 0.7459893048128342 0.07027463651050081 0.3155080213903743
2 0.41114701130856224 0.5387700534759358 0.014539579967689823 0.18449197860962566
2 0.39337641357027464 0.5494652406417112 0.01615508885298869 0.17379679144385027
2 0.46203554119547663 0.5374331550802138 0.017770597738287562 0.1764705882352941
2 0.4802100161550889 0.5106951871657753 0.015347334410339258 0.1336898395721925
2 0.4939418416801293 0.53475935828877 0.015347334410339258 0.1711229946524064
1 0.4317447495961228 0.49331550802139035 0.023424878836833606 0.06149732620320855
2 0.4079159935379645 0.5334224598930482 0.017770597738287562 0.16844919786096255
