0 0.6797385620915033 0.5364864864864866 0.02777777777777778 0.28378378378378377
2 0.8157679738562091 0.6675675675675676 0.09068627450980392 0.6594594594594595
2 0.7467320261437909 0.48378378378378384 0.01797385620915033 0.16216216216216217
2 0.5118464052287582 0.5837837837837838 0.040032679738562095 0.32972972972972975
2 0.4693627450980392 0.577027027027027 0.035130718954248366 0.3162162162162162
2 0.47794117647058826 0.5662162162162162 0.0392156862745098 0.3540540540540541
2 0.7283496732026145 0.5067567567567568 0.02369281045751634 0.1972972972972973
2 0.9040032679738562 0.5067567567567568 0.025326797385620915 0.22432432432432434
2 0.926062091503268 0.49864864864864866 0.028594771241830068 0.2567567567567568
2 0.9227941176470589 0.5162162162162163 0.02042483660130719 0.21081081081081082
1 0.5008169934640523 0.4594594594594595 0.014705882352941176 0.05405405405405406
