1 0.4923448831587429 0.5452127659574468 0.056406124093473 0.1702127659574468
1 0.08662369057211926 0.526595744680851 0.17324738114423852 0.9414893617021276
1 0.0741337630942788 0.6702127659574468 0.1482675261885576 0.3404255319148936
1 0.20950846091861403 0.5837765957446809 0.11120064464141821 0.18882978723404256
1 0.32352941176470584 0.5970744680851063 0.1152296535052377 0.2579787234042553
1 0.29854955680902495 0.5412234042553191 0.0636583400483481 0.11436170212765957
1 0.3855761482675262 0.5359042553191489 0.052377115229653506 0.125
1 0.4085414987912973 0.5172872340425532 0.032232070910556 0.07712765957446809
1 0.4266720386784851 0.5093085106382979 0.0265914585012087 0.061170212765957445
1 0.26591458501208703 0.5359042553191489 0.0596293311845286 0.09308510638297872
