2 0.46567043618739906 0.5267379679144385 0.021809369951534735 0.1818181818181818
2 0.48747980613893377 0.5227272727272727 0.02988691437802908 0.18983957219251335
2 0.3913570274636511 0.5508021390374331 0.026655896607431343 0.21390374331550802
2 0.5088852988691438 0.6350267379679144 0.07108239095315025 0.47326203208556145
2 0.9559773828756059 0.5855614973262032 0.05735056542810986 0.4652406417112299
2 0.49353796445880455 0.53475935828877 0.030694668820678516 0.20855614973262032
2 0.5504846526655897 0.6056149732620321 0.04604200323101777 0.33957219251336895
1 0.2677705977382876 0.6617647058823529 0.2382875605815832 0.5427807486631016
2 0.9196284329563813 0.622994652406417 0.09773828756058159 0.5721925133689839
1 0.3412762520193861 0.5080213903743315 0.0815831987075929 0.2192513368983957
1 0.3739903069466882 0.4959893048128342 0.050080775444264945 0.15775401069518716
