2 0.4773828756058159 0.5561497326203209 0.025848142164781908 0.23529411764705882
2 0.5387722132471728 0.5387700534759358 0.030694668820678516 0.24331550802139035
2 0.2705977382875606 0.5481283422459893 0.024232633279483037 0.21390374331550802
2 0.510096930533118 0.5574866310160428 0.025040387722132473 0.23796791443850265
2 0.6466074313408724 0.6403743315508021 0.08481421647819064 0.516042780748663
2 0.9680936995153474 0.5895721925133689 0.06058158319870759 0.4679144385026738
2 0.5787560581583199 0.5454545454545454 0.023424878836833606 0.2620320855614973
2 0.7294022617124395 0.624331550802139 0.05977382875605816 0.4144385026737968
1 0.3731825525040388 0.56951871657754 0.1260096930533118 0.2994652406417112
1 0.34168012924071084 0.5120320855614973 0.08239095315024234 0.21657754010695185
1 0.3739903069466882 0.49732620320855614 0.050080775444264945 0.16042780748663102
