2 0.24468954248366015 0.5013513513513513 0.01715686274509804 0.15405405405405406
2 0.3292483660130719 0.4905405405405406 0.013071895424836602 0.10540540540540541
2 0.0661764705882353 0.5351351351351352 0.03758169934640523 0.2756756756756757
2 0.24223856209150327 0.4702702702702703 0.012254901960784314 0.10810810810810811
1 0.46895424836601307 0.48378378378378384 0.0196078431372549 0.04864864864864865
1 0.8284313725490197 0.5527027027027027 0.08823529411764706 0.13243243243243244
1 0.8937908496732027 0.5567567567567568 0.09803921568627451 0.12432432432432433
1 0.9477124183006537 0.5581081081081082 0.10294117647058824 0.12702702702702703
2 0.032679738562091505 0.5364864864864866 0.03104575163398693 0.2567567567567568
2 0.2679738562091503 0.47432432432432436 0.011437908496732027 0.11621621621621622
2 0.2536764705882353 0.4783783783783784 0.008986928104575164 0.10270270270270271
2 0.11846405228758171 0.5351351351351352 0.02777777777777778 0.23783783783783785
2 0.07516339869281045 0.522972972972973 0.024509803921568627 0.24054054054054055
2 0.6008986928104575 0.6378378378378379 0.06127450980392157 0.4
2 0.752859477124183 0.5986486486486486 0.06454248366013073 0.40810810810810816
0 0.3880718954248366 0.5027027027027027 0.014705882352941176 0.11351351351351352
2 0.05228758169934641 0.5256756756756757 0.021241830065359478 0.20810810810810812
2 0.01388888888888889 0.518918918918919 0.02777777777777778 0.23243243243243245
1 0.505718954248366 0.5 0.029411764705882353 0.07567567567567568
2 0.22957516339869283 0.46621621621621623 0.008169934640522876 0.0945945945945946
2 0.18382352941176472 0.472972972972973 0.008169934640522876 0.11891891891891893
2 0.9256535947712419 0.5297297297297298 0.00980392156862745 0.0972972972972973
