1 0.13848631239935588 0.7839999999999999 0.27697262479871176 0.42666666666666664
1 0.285426731078905 0.7373333333333333 0.21497584541062803 0.4453333333333333
1 0.7568438003220612 0.7173333333333333 0.20450885668276972 0.5066666666666666
1 0.39895330112721417 0.5559999999999999 0.06843800322061191 0.19466666666666665
1 0.4194847020933977 0.5479999999999999 0.06924315619967794 0.13599999999999998
1 0.571256038647343 0.4613333333333333 0.05394524959742351 0.058666666666666666
1 0.7077294685990339 0.612 0.10628019323671498 0.27999999999999997
1 0.7455716586151369 0.5439999999999999 0.10305958132045089 0.21333333333333332
1 0.6618357487922706 0.5 0.10789049919484701 0.13066666666666665
1 0.9480676328502415 0.5133333333333333 0.10225442834138486 0.15733333333333333
1 0.8578904991948471 0.48666666666666664 0.08776167471819646 0.09866666666666667
