1 0.6071716357775987 0.6037234042553191 0.0894439967767929 0.20212765957446807
1 0.07373086220789686 0.6542553191489362 0.14746172441579372 0.35106382978723405
1 0.27276390008058016 0.6702127659574468 0.1700241740531829 0.3351063829787234
1 0.3811442385173247 0.5598404255319149 0.064464141821112 0.15691489361702127
1 0.5451248992747784 0.5332446808510638 0.0410958904109589 0.10372340425531915
1 0.25745366639806605 0.5691489361702128 0.0862207896857373 0.15425531914893617
1 0.40894439967767926 0.5398936170212766 0.0443190975020145 0.10638297872340426
1 0.330781627719581 0.538563829787234 0.0491539081385979 0.09840425531914894
1 0.36784850926672036 0.5252659574468085 0.033037872683319904 0.07180851063829786
1 0.4367445608380338 0.5159574468085106 0.020950846091861403 0.05319148936170213
1 0.4000805801772764 0.4973404255319149 0.0249798549556809 0.06382978723404255
1 0.4830781627719581 0.5093085106382979 0.020145044319097503 0.061170212765957445
1 0.5124899274778404 0.5079787234042553 0.016116035455278 0.047872340425531915
1 0.5032232070910556 0.5053191489361702 0.0153102336825141 0.0425531914893617
1 0.0459307010475423 0.4906914893617021 0.0918614020950846 0.17819148936170212
