2 0.4737479806138934 0.5147058823529411 0.015347334410339258 0.15775401069518716
2 0.48909531502423265 0.5106951871657753 0.01373182552504039 0.1657754010695187
2 0.41114701130856224 0.6270053475935828 0.0630048465266559 0.45187165775401067
2 0.9672859450726979 0.5909090909090908 0.05573505654281099 0.4652406417112299
2 0.41841680129240716 0.5360962566844919 0.025848142164781908 0.20053475935828877
2 0.42810985460420037 0.6042780748663101 0.04684975767366721 0.3101604278074866
1 0.17326332794830374 0.6737967914438502 0.34652665589660747 0.6470588235294117
2 0.7605008077544427 0.5802139037433155 0.07189014539579969 0.4385026737967914
1 0.3412762520193861 0.5066844919786095 0.0815831987075929 0.21657754010695185
1 0.3747980613893377 0.4959893048128342 0.050080775444264945 0.15775401069518716
