1 0.09943639291465378 0.7626666666666666 0.19887278582930756 0.4693333333333333
1 0.8586956521739131 0.7466666666666666 0.2809983896940419 0.5013333333333333
1 0.28180354267310787 0.6213333333333333 0.1610305958132045 0.36266666666666664
1 0.40901771336553944 0.5573333333333333 0.08373590982286634 0.192
1 0.6843800322061192 0.6186666666666667 0.1288244766505636 0.304
1 0.6396940418679549 0.5733333333333334 0.06682769726247988 0.192
1 0.5366344605475041 0.528 0.05877616747181964 0.112
1 0.8184380032206119 0.46799999999999997 0.06682769726247988 0.13066666666666665
1 0.7624798711755233 0.45999999999999996 0.057971014492753624 0.11466666666666667
1 0.6674718196457327 0.42666666666666664 0.037037037037037035 0.10666666666666666
