2 0.27450980392156865 0.4851351351351352 0.013071895424836602 0.11081081081081082
2 0.35784313725490197 0.48378378378378384 0.006535947712418301 0.08108108108108109
2 0.2712418300653595 0.46621621621621623 0.008169934640522876 0.0891891891891892
1 0.8288398692810458 0.5527027027027027 0.08905228758169935 0.13243243243243244
1 0.8941993464052288 0.5567567567567568 0.09885620915032681 0.12432432432432433
1 0.9477124183006537 0.5581081081081082 0.10294117647058824 0.12702702702702703
2 0.29330065359477125 0.46351351351351355 0.00980392156862745 0.0945945945945946
2 0.29330065359477125 0.5581081081081082 0.026143790849673203 0.21891891891891893
2 0.3741830065359477 0.5486486486486487 0.02777777777777778 0.24324324324324326
0 0.48978758169934644 0.5378378378378379 0.035130718954248366 0.21621621621621623
1 0.505718954248366 0.5 0.029411764705882353 0.07567567567567568
2 0.2479575163398693 0.4756756756756757 0.012254901960784314 0.11351351351351352
2 0.184640522875817 0.472972972972973 0.008169934640522876 0.11891891891891893
2 0.7949346405228759 0.5148648648648649 0.00980392156862745 0.1
