2 0.08239095315024234 0.7045454545454545 0.16478190630048467 0.5855614973262032
2 0.16639741518578352 0.7286096256684491 0.07431340872374799 0.5374331550802138
2 0.036752827140549275 0.7272727272727272 0.07350565428109855 0.5401069518716577
2 0.2726171243941842 0.677807486631016 0.06704361873990307 0.4946524064171123
2 0.2217285945072698 0.6831550802139037 0.05411954765751212 0.4679144385026738
1 0.28554119547657514 0.6283422459893048 0.13489499192245558 0.29411764705882354
0 0.38852988691437806 0.5481283422459893 0.030694668820678516 0.2245989304812834
2 0.5512924071082391 0.5120320855614973 0.018578352180936997 0.17914438502673796
2 0.43214862681744753 0.5120320855614973 0.012924071082390954 0.12566844919786097
2 0.438610662358643 0.5080213903743315 0.012924071082390954 0.1283422459893048
