2 0.20678513731825526 0.7098930481283422 0.15347334410339258 0.5748663101604278
2 0.2568659127625202 0.7259358288770053 0.06946688206785137 0.5427807486631016
2 0.1324717285945073 0.7286096256684491 0.06138933764135703 0.5374331550802138
2 0.11873990306946688 0.6911764705882353 0.05815831987075929 0.4411764705882353
2 0.3267366720516963 0.6510695187165775 0.05250403877221325 0.44652406417112295
2 0.14620355411954766 0.7098930481283422 0.048465266558966075 0.4572192513368984
2 0.2798869143780291 0.6577540106951871 0.062197092084006464 0.4224598930481283
1 0.3097738287560582 0.6082887700534759 0.11712439418416802 0.2647058823529412
0 0.3990306946688207 0.5307486631016043 0.025848142164781908 0.18983957219251335
2 0.5504846526655897 0.5066844919786095 0.020193861066235864 0.16844919786096255
2 0.44022617124394187 0.5133689839572192 0.011308562197092085 0.1229946524064171
2 0.44911147011308566 0.5080213903743315 0.012924071082390954 0.1283422459893048
