0 0.9473039215686275 0.5202702702702703 0.09722222222222222 0.28378378378378377
2 0.8075980392156863 0.48783783783783785 0.018790849673202614 0.17567567567567569
2 0.09517973856209151 0.6513513513513514 0.19035947712418302 0.6918918918918919
2 0.06127450980392157 0.6256756756756757 0.12254901960784315 0.7432432432432433
2 0.6017156862745098 0.5554054054054054 0.031862745098039214 0.25135135135135134
0 0.7352941176470589 0.5202702702702703 0.07189542483660132 0.21351351351351353
0 0.9648692810457516 0.4972972972972973 0.06862745098039216 0.22702702702702704
2 0.8643790849673203 0.5418918918918919 0.03594771241830066 0.32162162162162167
2 0.8852124183006537 0.5405405405405406 0.03676470588235294 0.3837837837837838
2 0.8725490196078431 0.5594594594594595 0.026143790849673203 0.3027027027027027
1 0.4901960784313726 0.4621621621621622 0.016339869281045753 0.05945945945945946
