1 0.05314009661835749 0.7879999999999999 0.10628019323671498 0.41866666666666663
1 0.6030595813204509 0.588 0.0966183574879227 0.23199999999999998
1 0.16867954911433172 0.58 0.1537842190016103 0.184
1 0.7624798711755233 0.7466666666666666 0.24798711755233493 0.5013333333333333
1 0.571658615136876 0.5453333333333333 0.057971014492753624 0.15733333333333333
1 0.36594202898550726 0.5586666666666666 0.06521739130434782 0.14666666666666667
1 0.39170692431562 0.5293333333333333 0.04911433172302738 0.13599999999999998
1 0.5454911433172303 0.5213333333333333 0.039452495974235106 0.10933333333333332
1 0.8788244766505636 0.764 0.24074074074074073 0.4666666666666667
1 0.4138486312399356 0.528 0.037037037037037035 0.10666666666666666
1 0.5305958132045089 0.4653333333333333 0.03864734299516908 0.13599999999999998
1 0.4392109500805153 0.5026666666666666 0.018518518518518517 0.04
