1 0.4633360193392425 0.5106382978723404 0.0177276390008058 0.047872340425531915
1 0.08299758259468171 0.7539893617021276 0.16599516518936341 0.48670212765957444
1 0.5652699435938758 0.6037234042553191 0.1023368251410153 0.24468085106382978
1 0.24979854955680902 0.6196808510638298 0.1192586623690572 0.22340425531914893
1 0.15995165189363417 0.5598404255319149 0.1345688960515713 0.22606382978723405
1 0.3174858984689766 0.5731382978723404 0.0692989524576954 0.14627659574468085
1 0.4391619661563255 0.538563829787234 0.0370668815471394 0.11436170212765957
1 0.34125705076551166 0.5412234042553191 0.0491539081385979 0.10372340425531915
1 0.26510878323932313 0.5438829787234042 0.0612409347300564 0.10904255319148935
1 0.3698630136986301 0.5252659574468085 0.0290088638195004 0.07180851063829786
1 0.29613215149073324 0.5132978723404256 0.0459307010475423 0.10638297872340426
1 0.37912973408541495 0.5132978723404256 0.023368251410153102 0.05851063829787234
1 0.39282836422240125 0.4920212765957447 0.0185334407735697 0.0797872340425532
