2 0.22875816993464054 0.5391891891891892 0.026143790849673203 0.24594594594594596
1 0.46691176470588236 0.4864864864864865 0.022058823529411766 0.06486486486486487
2 0.2728758169934641 0.5040540540540541 0.0196078431372549 0.14864864864864866
2 0.11805555555555555 0.518918918918919 0.03022875816993464 0.23243243243243245
2 0.17483660130718956 0.48243243243243245 0.021241830065359478 0.13783783783783785
1 0.5641339869281046 0.5432432432432432 0.12009803921568628 0.14054054054054055
1 0.8284313725490197 0.5527027027027027 0.08823529411764706 0.13243243243243244
1 0.8933823529411765 0.5567567567567568 0.09885620915032681 0.12432432432432433
1 0.9477124183006537 0.5581081081081082 0.10294117647058824 0.12702702702702703
2 0.11029411764705882 0.522972972972973 0.024509803921568627 0.21351351351351353
2 0.18668300653594772 0.47972972972972977 0.028594771241830068 0.15405405405405406
2 0.1772875816993464 0.48378378378378384 0.01797385620915033 0.13513513513513514
2 0.2034313725490196 0.5067567567567568 0.016339869281045753 0.16486486486486487
2 0.17769607843137256 0.495945945945946 0.018790849673202614 0.17027027027027028
0 0.43218954248366015 0.46891891891891896 0.006535947712418301 0.05675675675675676
2 0.1687091503267974 0.5013513513513513 0.012254901960784314 0.14324324324324325
2 0.14910130718954248 0.49864864864864866 0.018790849673202614 0.15945945945945947
1 0.505718954248366 0.5 0.029411764705882353 0.07567567567567568
2 0.18668300653594772 0.472972972972973 0.012254901960784314 0.11891891891891893
