2 0.5791599353796446 0.606951871657754 0.029079159935379646 0.3048128342245989
2 0.3667205169628433 0.570855614973262 0.03231017770597738 0.22727272727272727
2 0.33400646203554124 0.5721925133689839 0.020193861066235864 0.21390374331550802
2 0.6704361873990308 0.5521390374331551 0.0210016155088853 0.21122994652406415
2 0.6494345718901454 0.5481283422459893 0.0210016155088853 0.20855614973262032
2 0.5355411954765752 0.5454545454545454 0.0210016155088853 0.1818181818181818
2 0.598546042003231 0.606951871657754 0.02261712439418417 0.2834224598930481
2 0.5650242326332795 0.5828877005347594 0.034733441033925685 0.2245989304812834
2 0.627221324717286 0.553475935828877 0.023424878836833606 0.2245989304812834
2 0.6365105008077545 0.5307486631016043 0.017770597738287562 0.18983957219251335
1 0.46809369951534735 0.5200534759358288 0.034733441033925685 0.08823529411764705
2 0.035945072697899844 0.6470588235294117 0.04604200323101777 0.34759358288770054
