1 0.4178082191780822 0.5093085106382979 0.0169218372280419 0.045212765957446804
1 0.4472199838839645 0.5452127659574468 0.0499597099113618 0.14893617021276595
1 0.3577759871071716 0.5611702127659575 0.0612409347300564 0.1702127659574468
1 0.1410153102336825 0.6183510638297872 0.15471394037066882 0.23138297872340424
1 0.0684931506849315 0.5970744680851063 0.136986301369863 0.19414893617021275
1 0.266317485898469 0.550531914893617 0.060435132957292505 0.11702127659574468
1 0.16317485898468975 0.5279255319148936 0.0894439967767929 0.1622340425531915
1 0.3021756647864625 0.5292553191489362 0.040290088638195005 0.0851063829787234
1 0.23569701853344077 0.5332446808510638 0.0427074939564867 0.07712765957446809
1 0.33883964544721995 0.4906914893617021 0.0298146655922643 0.10372340425531915
