1 0.4778404512489927 0.5106382978723404 0.0273972602739726 0.0851063829787234
1 0.041901692183722805 0.6595744680851063 0.08380338436744561 0.35638297872340424
1 0.177276390008058 0.7473404255319148 0.2610797743755036 0.4574468085106383
1 0.1998388396454472 0.5957446808510638 0.1160354552780016 0.16489361702127658
1 0.3529411764705882 0.5731382978723404 0.0741337630942788 0.15691489361702127
1 0.3074133763094279 0.5359042553191489 0.057211925866236905 0.11968085106382978
1 0.39000805801772764 0.5372340425531915 0.045124899274778404 0.10106382978723404
1 0.41498791297340853 0.5252659574468085 0.0306204673650282 0.07180851063829786
1 0.03908138597904915 0.6090425531914894 0.0781627719580983 0.2074468085106383
1 0.19621273166800965 0.5305851063829787 0.09427880741337631 0.1675531914893617
