1 0.4504431909750201 0.5345744680851063 0.043513295729250605 0.13297872340425532
1 0.34367445608380337 0.5851063829787234 0.0862207896857373 0.2180851063829787
1 0.056406124093473 0.6808510638297872 0.112812248186946 0.3404255319148936
1 0.22884770346494762 0.5704787234042553 0.0918614020950846 0.15691489361702127
1 0.11160354552780016 0.5412234042553191 0.12651087832393232 0.2047872340425532
1 0.36261079774375504 0.5492021276595744 0.046736502820306204 0.11968085106382978
1 0.29250604351329573 0.5412234042553191 0.0531829170024174 0.10372340425531915
1 0.2199838839645447 0.5345744680851063 0.0547945205479452 0.09042553191489361
1 0.3432715551974214 0.4920212765957447 0.0354552780016116 0.11702127659574468
1 0.40290088638195004 0.4640957446808511 0.020950846091861403 0.10904255319148935
