2 0.6098546042003231 0.6457219251336898 0.048465266558966075 0.44652406417112295
2 0.6817447495961229 0.6189839572192513 0.050080775444264945 0.44652406417112295
2 0.21324717285945075 0.5989304812834224 0.04038772213247173 0.3155080213903743
2 0.5173667205169629 0.5401069518716577 0.018578352180936997 0.2032085561497326
2 0.6441841680129241 0.5668449197860962 0.03796445880452343 0.3048128342245989
2 0.9293214862681746 0.6270053475935828 0.09935379644588045 0.516042780748663
2 0.9111470113085622 0.5775401069518716 0.048465266558966075 0.40106951871657753
2 0.3073505654281099 0.5855614973262032 0.03311793214862682 0.27807486631016043
2 0.28150242326332797 0.5842245989304813 0.025040387722132473 0.28609625668449196
2 0.9050888529886915 0.5614973262032085 0.0912762520193861 0.3903743315508021
1 0.43982229402261713 0.4852941176470588 0.034733441033925685 0.11497326203208555
1 0.35420032310177707 0.5053475935828877 0.07512116316639741 0.2032085561497326
1 0.38327948303715675 0.4959893048128342 0.04765751211631664 0.15240641711229946
