2 0.5525040387722133 0.5895721925133689 0.030694668820678516 0.28074866310160423
2 0.3683360258481422 0.5614973262032085 0.024232633279483037 0.20855614973262032
2 0.3384491114701131 0.5628342245989304 0.019386106623586433 0.19518716577540104
2 0.05411954765751212 0.874331550802139 0.10823909531502424 0.2459893048128342
2 0.6433764135702746 0.5387700534759358 0.021809369951534735 0.18983957219251335
2 0.611470113085622 0.5320855614973262 0.0210016155088853 0.18716577540106952
2 0.5218093699515348 0.5374331550802138 0.0210016155088853 0.1764705882352941
2 0.5827948303715671 0.5935828877005347 0.025040387722132473 0.267379679144385
2 0.6070274636510501 0.5441176470588235 0.026655896607431343 0.21657754010695185
2 0.6276252019386107 0.5240641711229946 0.030694668820678516 0.1818181818181818
1 0.45840064620355414 0.516042780748663 0.03311793214862682 0.0855614973262032
2 0.08441033925686592 0.6350267379679144 0.05250403877221325 0.3181818181818182
2 0.1377221324717286 0.7807486631016042 0.10258481421647819 0.40106951871657753
