1 0.46817082997582593 0.5212765957446809 0.0338436744560838 0.10106382978723404
1 0.14544721998388396 0.7460106382978723 0.2908944399677679 0.5026595744680851
1 0.3005640612409347 0.6303191489361702 0.11764705882352941 0.25
1 0.1418211120064464 0.6196808510638298 0.1643835616438356 0.23936170212765956
1 0.06607574536663981 0.5877659574468085 0.13215149073327961 0.17553191489361702
1 0.23569701853344077 0.5651595744680851 0.0846091861402095 0.15159574468085105
1 0.3170829975825947 0.5013297872340425 0.07010475423045931 0.19414893617021275
1 0.2030620467365028 0.5478723404255319 0.07735697018533441 0.11702127659574468
1 0.3444802578565673 0.523936170212766 0.0394842868654311 0.0851063829787234
1 0.43110394842868655 0.4587765957446808 0.024174053182917002 0.125
1 0.2691377921031426 0.5226063829787234 0.046736502820306204 0.08776595744680851
