1 0.4786462530217566 0.5159574468085106 0.0273972602739726 0.0797872340425532
1 0.032232070910556 0.6821808510638298 0.064464141821112 0.32180851063829785
1 0.13819500402900886 0.6117021276595744 0.16841257050765512 0.26063829787234044
1 0.3041901692183723 0.625 0.1232876712328767 0.24468085106382978
1 0.2683319903303787 0.5651595744680851 0.07735697018533441 0.11968085106382978
1 0.38074133763094276 0.550531914893617 0.053988718775181306 0.12234042553191489
1 0.33722804190169214 0.5305851063829787 0.0443190975020145 0.09840425531914894
1 0.40370668815471394 0.5292553191489362 0.0370668815471394 0.0851063829787234
1 0.42344883158742946 0.523936170212766 0.0265914585012087 0.06382978723404255
1 0.24778404512489927 0.526595744680851 0.07010475423045931 0.13297872340425532
