2 0.731421647819063 0.6804812834224598 0.0864297253634895 0.6336898395721925
2 0.842891760904685 0.5815508021390374 0.05896607431340873 0.5481283422459893
2 0.991518578352181 0.5935828877005347 0.015347334410339258 0.5294117647058824
2 0.11873990306946688 0.8168449197860962 0.14539579967689822 0.3609625668449198
2 0.18820678513731826 0.8128342245989304 0.10662358642972537 0.3689839572192513
2 0.3121970920840065 0.6590909090909091 0.06865912762520195 0.24866310160427807
2 0.21526655896607433 0.8128342245989304 0.10743134087237481 0.3689839572192513
2 0.4240710823909532 0.5467914438502673 0.019386106623586433 0.22727272727272727
2 0.4010500807754443 0.5454545454545454 0.021809369951534735 0.21390374331550802
2 0.475767366720517 0.5254010695187166 0.019386106623586433 0.18983957219251335
2 0.49878836833602586 0.49732620320855614 0.01373182552504039 0.13903743315508021
2 0.5153473344103393 0.5240641711229946 0.014539579967689823 0.1818181818181818
2 0.5722940226171245 0.4946524064171123 0.016962843295638127 0.16042780748663102
1 0.44951534733441034 0.47860962566844917 0.025040387722132473 0.0641711229946524
2 0.3913570274636511 0.5240641711229946 0.03311793214862682 0.1818181818181818
2 0.539983844911147 0.5147058823529411 0.01373182552504039 0.16310160427807485
