1 0.09621578099838969 0.6346666666666666 0.19243156199677938 0.27199999999999996
1 0.16586151368760063 0.588 0.16747181964573268 0.21066666666666667
1 0.21014492753623187 0.5773333333333334 0.15136876006441224 0.16799999999999998
1 0.2528180354267311 0.5479999999999999 0.1320450885668277 0.16799999999999998
1 0.28703703703703703 0.5506666666666666 0.10225442834138486 0.13066666666666665
1 0.30475040257648955 0.5346666666666666 0.08776167471819646 0.104
1 0.321658615136876 0.5333333333333333 0.07004830917874397 0.10666666666666666
1 0.34500805152979064 0.5306666666666666 0.071658615136876 0.08533333333333333
1 0.35668276972624796 0.5093333333333333 0.06280193236714976 0.09066666666666666
1 0.37077294685990336 0.516 0.061996779388083734 0.08266666666666667
1 0.38123993558776165 0.5106666666666666 0.0571658615136876 0.072
